0 0.64140625 0.65703125 0.125 0.09296875
0 0.7984375 0.7125 0.153125 0.1046875
0 0.653125 0.7828125 0.16796875 0.13828125
0 0.39453125 0.73828125 0.14765625 0.11640625
0 0.5234375 0.72421875 0.0953125 0.1046875
0 0.8796875 0.8046875 0.05546875 0.096875
1 0.77578125 0.5359375 0.153125 0.1046875
1 0.56796875 0.5234375 0.1375 0.09296875
1 0.45625 0.56328125 0.140625 0.10703125
1 0.55859375 0.3921875 0.075 0.04140625
1 0.4859375 0.840625 0.1203125 0.1015625
1 0.76171875 0.8921875 0.10546875 0.0953125