1 0.4421875 0.203125 0.071875 0.11015625
1 0.51875 0.290625 0.071875 0.14765625
1 0.43359375 0.375 0.0828125 0.14140625
1 0.3703125 0.25390625 0.071875 0.1625
1 0.53203125 0.465625 0.1109375 0.19765625
1 0.5390625 0.66875 0.125 0.19609375
1 0.35078125 0.4875 0.1265625 0.22890625
1 0.44609375 0.78671875 0.1234375 0.19765625
1 0.3546875 0.78125 0.1 0.2125
1 0.27890625 0.71953125 0.0578125 0.07265625
1 0.26171875 0.59375 0.0421875 0.07890625
1 0.215625 0.57109375 0.040625 0.07890625
1 0.903125 0.7625 0.05 0.07109375
1 0.83203125 0.71796875 0.0421875 0.06015625