1 0.48671875 0.1796875 0.06796875 0.16796875
1 0.50078125 0.34375 0.071875 0.15
1 0.4 0.37421875 0.065625 0.15
1 0.43359375 0.55078125 0.06171875 0.14375
1 0.5046875 0.5734375 0.04375 0.09921875
1 0.4828125 0.69921875 0.06796875 0.17109375
1 0.51484375 0.83828125 0.0640625 0.1734375
1 0.4171875 0.753125 0.05234375 0.1046875
1 0.396875 0.88359375 0.071875 0.1375
1 0.196875 0.7859375 0.04765625 0.1046875
1 0.26015625 0.83515625 0.03828125 0.07734375
1 0.19296875 0.88671875 0.05625 0.1015625
1 0.21015625 0.66171875 0.03828125 0.078125
1 0.259375 0.615625 0.04765625 0.1046875
1 0.86875 0.80078125 0.04765625 0.09921875
1 0.903125 0.70078125 0.04609375 0.09609375
1 0.8671875 0.63203125 0.05 0.08984375
1 0.9125 0.58046875 0.03984375 0.08359375
1 0.91328125 0.37734375 0.0421875 0.1140625
1 0.8484375 0.4578125 0.05234375 0.1015625
1 0.40703125 0.21171875 0.071875 0.13203125
1 0.4109375 0.10859375 0.04765625 0.075